%%%%%%%%%%%%%%%%%%%%%%%%%%
Funcion: 1, Nro. de genes: 100
Poblacion: 50, MaxGen: 1000
tipo_cross: 1, pcross: 0.030000,  pmut: 0.000000
elit: 0, rep_pol: 1, sel: 2
seed: 43


# 1850.000000  0  4
 0, 1, 0, 1, 1, 1, 1, 0, 1, 1, 0, 0, 1, 1, 0, 1, 1, 0, 0, 1, 0, 0, 1, 0, 1, 0, 1, 1, 0, 0, 0, 1, 1, 1, 0, 0, 0, 0, 1, 0, 0, 1, 0, 1, 0, 1, 1, 0, 1, 0, 0, 0, 1, 0, 0, 0, 0, 0, 0, 0, 0, 0, 1, 1, 0, 0, 0, 0, 0, 1, 0, 0, 0, 0, 0, 1, 1, 1, 0, 1, 1, 0, 0, 0, 0, 1, 0, 0, 1, 1, 0, 0, 1, 0, 0, 1, 1, 0, 0, 0,

