%%%%%%%%%%%%%%%%%%%%%%%%%%
Funcion: 1, Nro. de genes: 100
Poblacion: 50, MaxGen: 1000
tipo_cross: 1, pcross: 0.060000,  pmut: 0.000000
elit: 1, rep_pol: 1, sel: 2
seed: 34


# 2458.000000  0  8
 0, 1, 0, 1, 0, 1, 1, 1, 1, 1, 1, 0, 0, 1, 1, 1, 1, 1, 1, 0, 1, 1, 1, 1, 1, 1, 1, 1, 1, 1, 0, 1, 1, 0, 0, 1, 1, 1, 0, 1, 1, 0, 1, 1, 1, 1, 1, 0, 0, 1, 0, 0, 0, 1, 0, 0, 1, 1, 0, 0, 0, 0, 0, 1, 0, 1, 0, 1, 0, 0, 1, 0, 1, 0, 0, 0, 1, 1, 1, 1, 1, 0, 0, 1, 0, 0, 0, 1, 0, 0, 0, 0, 0, 1, 0, 0, 0, 0, 1, 0,

