%%%%%%%%%%%%%%%%%%%%%%%%%%
Funcion: 1, Nro. de genes: 100
Poblacion: 50, MaxGen: 1000
tipo_cross: 1, pcross: 0.060000,  pmut: 0.010000
elit: 0, rep_pol: 1, sel: 2
seed: 666


# 4901.000000  0  504
 1, 1, 1, 1, 1, 1, 1, 1, 1, 1, 1, 1, 1, 1, 1, 1, 1, 1, 1, 1, 1, 1, 1, 1, 1, 1, 1, 1, 0, 1, 1, 1, 1, 1, 1, 1, 1, 1, 1, 1, 1, 1, 1, 1, 1, 1, 1, 1, 1, 1, 0, 0, 0, 0, 0, 0, 0, 0, 0, 0, 0, 0, 0, 0, 0, 0, 0, 0, 0, 0, 0, 0, 0, 0, 0, 0, 0, 0, 0, 0, 0, 0, 0, 0, 0, 0, 0, 0, 0, 0, 0, 0, 0, 0, 0, 0, 0, 0, 0, 0,

